425544226
391874451
434770030
390696173
407921633
417303154
411514844
410946085
391275854
387455529
427457999
317088597
580916805
420933459
433391058
383359322
415774482
449577507
394987264
331742589
299214234
327940658
268574220
335757700
353442101
467583186
288620639
315049789
484256041
433513348
326211695
411272264
462366332
409225420
468685664
341634599
450370521
406716873
275029936
326225535
478089984
331717924
431023469
430283912
265338593
336112962
353239223
422210222
422417891
432526249
320531886
393631451
448303396
388190116
478610254
322519274
338986386
383938725
337085596
457270940
536089009
501291186
409226311
392487467
422406565
336097177
409811394
475668579
261723062
429675355
313401506
586468310
309339283
264386912
393305700
346520258
307959573
411591369
260213716
420039187
418905634
406796085
736721002
384431440
368076420
388474664
408732890
408524392
440441314
421135768
316511186
433802056
426560502
469860479
403111864
394188474
314463060
366914209
238755306
264186784
446480891
265293916
336096617
430438567
345237364
459987685
258705811
448454638
473061018
349610779
427606566
267059277
359246047
301139791
434736185
466321287
261375745
418968769
441969043
404233381
478904937
322000466
376943135
478548721
404412271
352368710
374177764
355301828
338542841
476601715
412233069
487713467
413935582
376596941
267314687
432722212
262608657
336422764
346506278
257850495
424701490
392775590
430260476
353472972
589835375
401412260
418463605
354300090
365892776
346771657
470170599
375153727
268033745
401039443
475205054
466763381
438776615
250124485
332159183
309498591
416356028
377044074
383285318
387658838
468453618
425113537
284371896
297025285
404654146
497286579
457804700
485323885
391643961
443844856
287373476
376100123
386313575
420918161
265163463
351637867
412290108
589835375
404412271
580916805
586468310
326211695
484256041
387658838
406796085
459987685
317088597
